14937:
1373835
1236809
1397051
1941244
1528321
1653789
1561093
14938:
427818
354069
1662406
86739
1753328
207275
961453
1919348
1251156
1563363
14939:
1490284
252076
974219
2568914
1883281
14940:
2446798
1562558
261048
1615343
2641857
392816
2280162
2253387
2059132
1781225
1934982
968517
1739133
101930
721737
39435
311271
937068
2041456
1917856
485382
621593
513544
492035
469058
779912
1988598
490010
158563
576803
2370466
2431697
300566
1721514
864176
2372768
1966632
984232
1746058
1238198
1288388
2521000
2245913
796307
709342
1430584
523036
1213968
1102969
1185687
1838568
2233259
1533329
1492487
2094978
2217024
999743
197161
653413
234538
1300793
1706930
1300806
83336
1677102
189870
1971530
2644140
2126078
606392
1361286
87195
540894
920043
1896451
335625
1314173
2228027
2377740
1042875
32742
1884228
2031040
1710426
261580
102848
1886761
71441
719079
334685
1759284
734866
943486
2429267
2038601
1963763
1207143
81563
2511346
2639734
1036635
1416916
631667
2253785
680361
1156893
2633033
1423781
1497115
976936
2346995
784796
444647
761823
2443699
1819936
1549674
2373474
1585633
2244518
1508445
361647
2356239
1555161
1335289
2026043
1691376
1492087
374196
1614571
954841
272147
2022171
513183
1400766
2563981
1481244
2087467
867932
1705356
2048945
1097909
2557093
2319156
1876086
2640614
365395
928378
99695
20005
2383229
729820
1162334
1108712
871106
1006895
101834
762577
936507
2234102
1899722